40
gu_76_chr10_3904389_3906347  0.0000000 1.4275541 0.6951917 0.8730806 0.7030674 1.5583753 0.6983292 4.6050495 0.8077153 0.8077153 0.7335982 0.9321899 0.7150143 0.7930994 0.7598922 0.8914046 0.6655456 0.8298874 0.8760303 0.8608252 0.8285838 0.8602871 0.8257734 0.8656067 0.8439269 0.7805097 1.6133542 0.9038123 0.9038123 0.9038123 0.9038123 0.9038123 1.9815537 4.5541384 1.6217557 4.4386789 0.9067982 1.6217557 4.4386789 1.0785804 
gu_82_chr10_5097676_5101047  1.4275541 0.0000000 1.0912677 1.5216830 1.3505661 0.8734170 1.2634315 1.3832116 1.6801661 1.6484290 1.3032393 1.1263069 1.1027579 1.3087630 1.4710804 1.5186985 1.2585988 1.7437000 1.6060398 1.6804517 1.6401794 1.6496195 0.8039148 2.2541712 2.2645027 2.1934749 3.3586345 1.5316709 1.5316709 1.5054705 1.5283754 1.5283754 1.9413500 0.4393031 3.4206500 0.0893375 1.5422825 3.4206500 0.1010291 1.5181016 
gu_90_chr10_5311707_5313905  0.6951917 1.0912677 0.0000000 0.8250747 0.5626057 1.0564933 0.5177641 0.9501095 0.8088478 0.8428842 0.6171215 1.0286305 0.0365224 0.5025346 0.5298185 0.7693726 0.5912561 0.8386475 0.9223137 0.8015081 0.8778701 0.8015081 1.0018751 1.4601249 1.4332638 1.3985488 3.9238985 1.2717454 1.2717454 1.3046464 1.3047469 1.3047469 1.9972811 1.8871444 3.7308703 1.5208821 1.6766505 3.7308703 1.5648339 1.2444746 
gu_91_chr10_5322743_5325331  0.8730806 1.5216830 0.8250747 0.0000000 0.5217975 1.5609343 0.6004674 3.5785967 0.1024906 0.1024537 0.5276261 1.0711282 0.8491311 0.6208407 0.7003095 0.0309387 0.5194519 0.6713214 0.7323028 0.6439654 0.6219913 0.6331872 0.7519809 0.6337281 0.6788210 0.6329283 2.3736309 2.1409255 2.1771280 2.1553363 2.1596913 2.1596913 2.7477949 3.5415335 2.3066347 3.6392507 2.2090471 2.3188025 3.7536458 2.5415244 
gu_93_chr10_5366922_5370094  0.7030674 1.3505661 0.5626057 0.5217975 0.0000000 1.4139061 0.0930991 3.7629232 0.5832413 0.6048663 0.0581053 0.7482922 0.5782423 0.1752772 0.2564057 0.5160176 0.0676829 0.7703834 0.7382070 0.7167169 0.6922841 0.7002085 0.5660066 0.7006534 0.7491019 0.7029997 1.9920126 1.6594133 1.6767612 1.6712065 1.6594133 1.6594133 2.4615973 3.3638695 1.9989171 3.3617372 1.8557763 2.0289865 3.2326124 2.1776690 
gu_95_chr10_5412627_5415548  1.5583753 0.8734170 1.0564933 1.5609343 1.4139061 0.0000000 1.3169787 1.6041019 1.8893797 1.9189086 1.3768031 0.0991453 1.0842084 1.3627564 1.4460030 1.6003833 1.2309125 1.8326888 1.7885219 1.6804571 1.6411286 1.6503581 1.0414059 2.2390378 2.2096107 2.1230083 4.1162158 1.8012920 1.8012920 1.8012920 1.8234978 1.8234978 1.1835817 1.8440934 4.0519619 1.4110902 1.9409024 4.0519619 1.4406934 0.5620054 
gu_97_chr10_5457762_5460935  0.6983292 1.2634315 0.5177641 0.6004674 0.0930991 1.3169787 0.0000000 3.4219074 0.6381119 0.6633282 0.0914874 0.7922618 0.5976703 0.1900041 0.2606857 0.6018932 0.0699032 0.7399195 0.8163921 0.6874272 0.6785774 0.6715560 0.6475541 0.6866740 0.7185360 0.6889277 2.2816457 1.9924912 2.0197241 2.0153127 2.0039910 2.0039910 2.6385746 3.5586987 2.3015214 3.5385989 2.1008920 2.3312397 3.5601206 2.3803759 
gu_100_chr10_5502334_5503887 4.6050495 1.3832116 0.9501095 3.5785967 3.7629232 1.6041019 3.4219074 0.0000000 3.6992518 3.6398445 3.7127088 2.2441172 0.9683652 3.6737619 3.4092229 3.6135518 3.3806442 3.9841554 3.7443151 3.7689758 3.8774859 3.7085278 3.7398300 4.0175951 3.7938183 3.8327075 4.1940503 1.5335040 1.5335040 1.5609728 1.5610921 1.5610921 2.3054296 1.7734615 4.2725456 1.2826294 1.8225324 4.2725456 1.3118650 1.6921533 
gu_101_chr10_5546195_5548747 0.8077153 1.6801661 0.8088478 0.1024906 0.5832413 1.8893797 0.6381119 3.6992518 0.0000000 0.0210971 0.5812460 1.1103340 0.8328676 0.6109350 0.8031680 0.0905213 0.5676045 0.6529139 0.7041654 0.6266198 0.6050883 0.6228456 0.7914941 0.6374699 0.6879244 0.6435578 2.5887409 2.2977868 2.3354440 2.3122574 2.3174733 2.3174733 2.7391430 3.6423259 2.5157175 3.7079941 2.4099918 2.5305879 3.8206575 2.4956715 
gu_103_chr10_5555765_5558329 0.8077153 1.6484290 0.8428842 0.1024537 0.6048663 1.9189086 0.6633282 3.6398445 0.0210971 0.0000000 0.6095550 1.1485530 0.8680213 0.6398786 0.8279721 0.0904882 0.5948736 0.6455482 0.7108731 0.6191466 0.5976886 0.6153482 0.7581327 0.6300832 0.6809929 0.6361038 2.6269458 2.3420200 2.3797624 2.3563454 2.3618031 2.3618031 2.7490237 3.6186335 2.5554631 3.6789742 2.4552791 2.5707529 3.7908975 2.5067600 
gu_105_chr10_5596381_5599552 0.7335982 1.3032393 0.6171215 0.5276261 0.0581053 1.3768031 0.0914874 3.7127088 0.5812460 0.6095550 0.0000000 0.7600164 0.6350386 0.1667052 0.2307335 0.5089281 0.0669766 0.7508394 0.7309132 0.6971620 0.6725631 0.6807453 0.5236692 0.6803030 0.7293975 0.6831798 2.0665043 1.7425218 1.7598198 1.7544145 1.7425218 1.7425218 2.5036754 3.5750523 2.0751222 3.5639336 1.9503582 2.1054706 3.5222034 2.2527849 
gu_107_chr10_5638807_5641491 0.9321899 1.1263069 1.0286305 1.0711282 0.7482922 0.0991453 0.7922618 2.2441172 1.1103340 1.1485530 0.7600164 0.0000000 1.0240233 0.8274579 0.8490734 1.0604891 0.7071210 1.1008313 1.1574103 1.1354082 1.0622718 1.1354082 1.1514918 1.6460806 1.6864544 1.5754286 6.2786958 1.5025729 1.5025729 1.5025729 1.5025729 1.5025729 1.0525168 2.1144004 5.5632033 1.4182899 1.4933905 5.5632033 1.4639909 0.0000010 
gu_112_chr10_5716876_5719058 0.7150143 1.1027579 0.0365224 0.8491311 0.5782423 1.0842084 0.5976703 0.9683652 0.8328676 0.8680213 0.6350386 1.0240233 0.0000000 0.5777028 0.5443452 0.7918916 0.6096503 0.9356923 0.9512732 0.8964202 0.9041365 0.8964202 1.0330276 1.4942747 1.4666822 1.4301981 3.9238985 1.2674216 1.2674216 1.3001796 1.3002788 1.3002788 1.9872882 1.8249454 3.7308703 1.4502352 1.6703025 3.7308703 1.4927051 1.2446194 
gu_114_chr10_5751726_5754333 0.7930994 1.3087630 0.5025346 0.6208407 0.1752772 1.3627564 0.1900041 3.6737619 0.6109350 0.6398786 0.1667052 0.8274579 0.5777028 0.0000000 0.3903087 0.6015519 0.1599215 0.6842536 0.6925707 0.6302125 0.6214985 0.6215310 0.5209900 0.6289708 0.6685718 0.6464043 2.2263363 1.8687337 1.8883637 1.8825121 1.8687337 1.8687337 2.5894054 3.3237209 2.2170655 3.2577168 2.0808531 2.2297093 3.3002085 2.3497755 
gu_115_chr10_5783064_5785890 0.7598922 1.4710804 0.5298185 0.7003095 0.2564057 1.4460030 0.2606857 3.4092229 0.8031680 0.8279721 0.2307335 0.8490734 0.5443452 0.3903087 0.0000000 0.7009357 0.2289528 0.9912229 0.9334043 0.9363157 0.9361009 0.9262203 0.4689980 0.9590562 0.9271107 0.9269337 2.3156782 2.0612149 2.1179403 2.0901388 2.0750188 2.0750188 2.5754378 3.9186746 2.2708898 4.2620502 2.2173246 2.3041761 4.1841044 2.3795780 
gu_117_chr10_5822350_5825007 0.8914046 1.5186985 0.7693726 0.0309387 0.5160176 1.6003833 0.6018932 3.6135518 0.0905213 0.0904882 0.5089281 1.0604891 0.7918916 0.6015519 0.7009357 0.0000000 0.5259489 0.6892924 0.7517695 0.6615544 0.6388781 0.6505331 0.7519809 0.6470707 0.6936672 0.6463420 2.4259227 2.1768061 2.2134299 2.1912708 2.1958244 2.1958244 2.7900068 3.6356617 2.3576168 3.7621238 2.3549097 2.3704043 3.8852496 2.6770000 
gu_119_chr10_5866549_5869720 0.6655456 1.2585988 0.5912561 0.5194519 0.0676829 1.2309125 0.0699032 3.3806442 0.5676045 0.5948736 0.0669766 0.7071210 0.6096503 0.1599215 0.2289528 0.5259489 0.0000000 0.7160735 0.7077548 0.6640461 0.6410923 0.6484983 0.4900994 0.6483998 0.6799430 0.6510755 2.0022598 1.6746206 1.6915762 1.6861688 1.6746206 1.6746206 2.4715219 3.3933752 2.0108151 3.3899294 1.8059847 2.0400903 3.3511182 2.1624693 
gu_120_chr10_6653849_6656411 0.8298874 1.7437000 0.8386475 0.6713214 0.7703834 1.8326888 0.7399195 3.9841554 0.6529139 0.6455482 0.7508394 1.1008313 0.9356923 0.6842536 0.9912229 0.6892924 0.7160735 0.0000000 0.6413817 0.0834973 0.0834312 0.1001518 0.4388019 0.0835129 0.1099969 0.1106489 2.5280286 2.2424467 2.2634903 2.2155223 2.2424467 2.2424467 2.9468612 3.9375023 2.5153598 3.8817191 2.2865163 2.5323591 3.8640638 2.6260269 
gu_121_chr10_6697273_6699884 0.8760303 1.6060398 0.9223137 0.7323028 0.7382070 1.7885219 0.8163921 3.7443151 0.7041654 0.7108731 0.7309132 1.1574103 0.9512732 0.6925707 0.9334043 0.7517695 0.7077548 0.6413817 0.0000000 0.6145743 0.6067464 0.6106466 0.6458271 0.6148881 0.6498306 0.6399814 2.4258441 2.2025154 2.1953435 2.1715697 2.1763074 2.1763074 3.0391412 3.8240052 2.3685340 3.9036396 2.3132816 2.3824406 3.9192634 2.7148219 
gu_122_chr10_6762273_6764880 0.8608252 1.6804517 0.8015081 0.6439654 0.7167169 1.6804571 0.6874272 3.7689758 0.6266198 0.6191466 0.6971620 1.1354082 0.8964202 0.6302125 0.9363157 0.6615544 0.6640461 0.0834973 0.6145743 0.0000000 0.0515766 0.0153588 0.5271783 0.0411348 0.0779605 0.0675678 2.5034696 2.2126934 2.2342129 2.1856134 2.2126934 2.2126934 2.8975585 3.9001376 2.5198409 3.7692836 2.2926687 2.5370858 3.7514772 2.5254448 
gu_125_chr10_6864401_6867008 0.8285838 1.6401794 0.8778701 0.6219913 0.6922841 1.6411286 0.6785774 3.8774859 0.6050883 0.5976886 0.6725631 1.0622718 0.9041365 0.6214985 0.9361009 0.6388781 0.6410923 0.0834312 0.6067464 0.0515766 0.0000000 0.0570363 0.4128075 0.0307293 0.0883059 0.0570933 2.4396928 2.1302937 2.1515930 2.1047064 2.1302937 2.1302937 2.8116943 3.7493296 2.4324757 3.6323103 2.2115462 2.4484960 3.6153389 2.4362436 
gu_126_chr10_6927959_6930566 0.8602871 1.6496195 0.8015081 0.6331872 0.7002085 1.6503581 0.6715560 3.7085278 0.6228456 0.6153482 0.6807453 1.1354082 0.8964202 0.6215310 0.9262203 0.6505331 0.6484983 0.1001518 0.6106466 0.0153588 0.0570363 0.0000000 0.5271783 0.0465228 0.0731616 0.0623746 2.4661883 2.1474452 2.1688520 2.1214735 2.1474452 2.1474452 2.7946151 3.8450836 2.4586651 3.7028486 2.2286664 2.4750108 3.6853933 2.4698372 
gu_137_chr10_7004330_7006047 0.8257734 0.8039148 1.0018751 0.7519809 0.5660066 1.0414059 0.6475541 3.7398300 0.7914941 0.7581327 0.5236692 1.1514918 1.0330276 0.5209900 0.4689980 0.7519809 0.4900994 0.4388019 0.6458271 0.5271783 0.4128075 0.5271783 0.0000000 0.4754865 0.4733497 0.3848098 4.7542373 0.0000010 0.0000010 0.0000010 0.0000010 0.0000010 6.3055677 6.1755588 4.9948075 0.0000010 0.0000010 4.9948075 0.0000010 0.0000010 
gu_141_chr10_7062143_7064751 0.8656067 2.2541712 1.4601249 0.6337281 0.7006534 2.2390378 0.6866740 4.0175951 0.6374699 0.6300832 0.6803030 1.6460806 1.4942747 0.6289708 0.9590562 0.6470707 0.6483998 0.0835129 0.6148881 0.0411348 0.0307293 0.0465228 0.4754865 0.0000000 0.0728108 0.0599777 2.5007716 2.3162978 2.3349563 2.2913836 2.3162978 2.3162978 2.9521091 3.8072869 2.4927928 3.7133787 2.3780428 2.5096840 3.7007599 2.6343928 
gu_142_chr10_7115637_7118201 0.8439269 2.2645027 1.4332638 0.6788210 0.7491019 2.2096107 0.7185360 3.7938183 0.6879244 0.6809929 0.7293975 1.6864544 1.4666822 0.6685718 0.9271107 0.6936672 0.6799430 0.1099969 0.6498306 0.0779605 0.0883059 0.0731616 0.4733497 0.0728108 0.0000000 0.0554163 2.5218350 2.3504649 2.3688844 2.3260260 2.3504649 2.3504649 2.9934662 4.0353899 2.5407530 3.8828573 2.3768638 2.5350963 3.8694024 2.6844937 
gu_143_chr10_7129995_7132566 0.7805097 2.1934749 1.3985488 0.6329283 0.7029997 2.1230083 0.6889277 3.8327075 0.6435578 0.6361038 0.6831798 1.5754286 1.4301981 0.6464043 0.9269337 0.6463420 0.6510755 0.1106489 0.6399814 0.0675678 0.0570933 0.0623746 0.3848098 0.0599777 0.0554163 0.0000000 2.4787015 2.3239246 2.3422527 2.2990992 2.3239246 2.3239246 2.8581439 3.8366148 2.4948267 3.7650528 2.3906796 2.4886713 3.7521961 2.6120555 
gu_152_chr10_3920597_3923180 1.6133542 3.3586345 3.9238985 2.3736309 1.9920126 4.1162158 2.2816457 4.1940503 2.5887409 2.6269458 2.0665043 6.2786958 3.9238985 2.2263363 2.3156782 2.4259227 2.0022598 2.5280286 2.4258441 2.5034696 2.4396928 2.4661883 4.7542373 2.5007716 2.5218350 2.4787015 0.0000000 0.1102191 0.1137286 0.1091169 0.1091613 0.1091613 1.3429700 1.4380083 0.1815064 1.2674429 0.5581831 0.1657982 1.3010682 1.1256042 
gu_158_chr10_4955338_4957914 0.9038123 1.5316709 1.2717454 2.1409255 1.6594133 1.8012920 1.9924912 1.5335040 2.2977868 2.3420200 1.7425218 1.5025729 1.2674216 1.8687337 2.0612149 2.1768061 1.6746206 2.2424467 2.2025154 2.2126934 2.1302937 2.1474452 0.0000010 2.3162978 2.3504649 2.3239246 0.1102191 0.0000000 0.0101145 0.0168791 0.0067285 0.0067285 1.1564900 1.1906823 0.1005605 1.1914228 0.5588200 0.0874310 1.1950689 1.1203165 
gu_160_chr10_4964802_4967378 0.9038123 1.5316709 1.2717454 2.1771280 1.6767612 1.8012920 2.0197241 1.5335040 2.3354440 2.3797624 1.7598198 1.5025729 1.2674216 1.8883637 2.1179403 2.2134299 1.6915762 2.2634903 2.1953435 2.2342129 2.1515930 2.1688520 0.0000010 2.3349563 2.3688844 2.3422527 0.1137286 0.0101145 0.0000000 0.0269220 0.0167684 0.0167684 1.1655978 1.1909908 0.1132300 1.1830986 0.5520961 0.0956349 1.1866667 1.1220176 
gu_162_chr10_4974271_4976849 0.9038123 1.5054705 1.3046464 2.1553363 1.6712065 1.8012920 2.0153127 1.5609728 2.3122574 2.3563454 1.7544145 1.5025729 1.3001796 1.8825121 2.0901388 2.1912708 1.6861688 2.2155223 2.1715697 2.1856134 2.1047064 2.1214735 0.0000010 2.2913836 2.3260260 2.2990992 0.1091169 0.0168791 0.0269220 0.0000000 0.0167429 0.0167429 1.1657723 1.1784706 0.0950966 1.1706730 0.5488076 0.0821156 1.1741806 1.1196043 
gu_164_chr10_4983740_4986318 0.9038123 1.5283754 1.3047469 2.1596913 1.6594133 1.8234978 2.0039910 1.5610921 2.3174733 2.3618031 1.7425218 1.5025729 1.3002788 1.8687337 2.0750188 2.1958244 1.6746206 2.2424467 2.1763074 2.2126934 2.1302937 2.1474452 0.0000010 2.3162978 2.3504649 2.3239246 0.1091613 0.0067285 0.0167684 0.0167429 0.0000000 0.0000010 1.1513137 1.1836756 0.1040386 1.1758427 0.5584314 0.0910207 1.1793736 1.1076281 
gu_166_chr10_4993209_4995787 0.9038123 1.5283754 1.3047469 2.1596913 1.6594133 1.8234978 2.0039910 1.5610921 2.3174733 2.3618031 1.7425218 1.5025729 1.3002788 1.8687337 2.0750188 2.1958244 1.6746206 2.2424467 2.1763074 2.2126934 2.1302937 2.1474452 0.0000010 2.3162978 2.3504649 2.3239246 0.1091613 0.0067285 0.0167684 0.0167429 0.0000010 0.0000000 1.1513137 1.1836756 0.1040386 1.1758427 0.5584314 0.0910207 1.1793736 1.1076281 
gu_167_chr10_5002025_5004943 1.9815537 1.9413500 1.9972811 2.7477949 2.4615973 1.1835817 2.6385746 2.3054296 2.7391430 2.7490237 2.5036754 1.0525168 1.9872882 2.5894054 2.5754378 2.7900068 2.4715219 2.9468612 3.0391412 2.8975585 2.8116943 2.7946151 6.3055677 2.9521091 2.9934662 2.8581439 1.3429700 1.1564900 1.1655978 1.1657723 1.1513137 1.1513137 0.0000000 0.4338743 1.3084522 0.4999709 1.2139004 1.2967345 0.5122913 0.1019031 
gu_169_chr10_5070799_5074169 4.5541384 0.4393031 1.8871444 3.5415335 3.3638695 1.8440934 3.5586987 1.7734615 3.6423259 3.6186335 3.5750523 2.1144004 1.8249454 3.3237209 3.9186746 3.6356617 3.3933752 3.9375023 3.8240052 3.9001376 3.7493296 3.8450836 6.1755588 3.8072869 4.0353899 3.8366148 1.4380083 1.1906823 1.1909908 1.1784706 1.1836756 1.1836756 0.4338743 0.0000000 1.4103173 0.0216407 1.2496375 1.3896858 0.0216257 0.4352829 
gu_172_chr10_5125891_5128499 1.6217557 3.4206500 3.7308703 2.3066347 1.9989171 4.0519619 2.3015214 4.2725456 2.5157175 2.5554631 2.0751222 5.5632033 3.7308703 2.2170655 2.2708898 2.3576168 2.0108151 2.5153598 2.3685340 2.5198409 2.4324757 2.4586651 4.9948075 2.4927928 2.5407530 2.4948267 0.1815064 0.1005605 0.1132300 0.0950966 0.1040386 0.1040386 1.3084522 1.4103173 0.0000000 1.2538805 0.4814503 0.0113879 1.2869167 1.0939911 
gu_175_chr10_5162767_5165661 4.4386789 0.0893375 1.5208821 3.6392507 3.3617372 1.4110902 3.5385989 1.2826294 3.7079941 3.6789742 3.5639336 1.4182899 1.4502352 3.2577168 4.2620502 3.7621238 3.3899294 3.8817191 3.9036396 3.7692836 3.6323103 3.7028486 0.0000010 3.7133787 3.8828573 3.7650528 1.2674429 1.1914228 1.1830986 1.1706730 1.1758427 1.1758427 0.4999709 0.0216407 1.2538805 0.0000000 1.2659069 1.2491175 0.0216356 0.4350887 
gu_178_chr10_5230525_5233113 0.9067982 1.5422825 1.6766505 2.2090471 1.8557763 1.9409024 2.1008920 1.8225324 2.4099918 2.4552791 1.9503582 1.4933905 1.6703025 2.0808531 2.2173246 2.3549097 1.8059847 2.2865163 2.3132816 2.2926687 2.2115462 2.2286664 0.0000010 2.3780428 2.3768638 2.3906796 0.5581831 0.5588200 0.5520961 0.5488076 0.5584314 0.5584314 1.2139004 1.2496375 0.4814503 1.2659069 0.0000000 0.4721488 1.2535356 1.1397208 
gu_180_chr10_5254541_5257140 1.6217557 3.4206500 3.7308703 2.3188025 2.0289865 4.0519619 2.3312397 4.2725456 2.5305879 2.5707529 2.1054706 5.5632033 3.7308703 2.2297093 2.3041761 2.3704043 2.0400903 2.5323591 2.3824406 2.5370858 2.4484960 2.4750108 4.9948075 2.5096840 2.5350963 2.4886713 0.1657982 0.0874310 0.0956349 0.0821156 0.0910207 0.0910207 1.2967345 1.3896858 0.0113879 1.2491175 0.4721488 0.0000000 1.2655967 1.0804536 
gu_183_chr10_5291381_5294275 4.4386789 0.1010291 1.5648339 3.7536458 3.2326124 1.4406934 3.5601206 1.3118650 3.8206575 3.7908975 3.5222034 1.4639909 1.4927051 3.3002085 4.1841044 3.8852496 3.3511182 3.8640638 3.9192634 3.7514772 3.6153389 3.6853933 0.0000010 3.7007599 3.8694024 3.7521961 1.3010682 1.1950689 1.1866667 1.1741806 1.1793736 1.1793736 0.5122913 0.0216257 1.2869167 0.0216356 1.2535356 1.2655967 0.0000000 0.4471219 
gu_187_chr10_5431829_5434033 1.0785804 1.5181016 1.2444746 2.5415244 2.1776690 0.5620054 2.3803759 1.6921533 2.4956715 2.5067600 2.2527849 0.0000010 1.2446194 2.3497755 2.3795780 2.6770000 2.1624693 2.6260269 2.7148219 2.5254448 2.4362436 2.4698372 0.0000010 2.6343928 2.6844937 2.6120555 1.1256042 1.1203165 1.1220176 1.1196043 1.1076281 1.1076281 0.1019031 0.4352829 1.0939911 0.4350887 1.1397208 1.0804536 0.4471219 0.0000000 
