28
gu_21_chr7_449501_452050      0.0000000 0.0042483 2.0945047 0.7074136 0.3567156 0.0214545 2.4926648 0.7149308 2.7140951 2.8701206 3.0468311 3.1051667 3.1225866 2.8879887 2.8921272 3.0788484 2.8023959 2.6917846 3.1594651 2.8277523 2.8793908 2.8001760 2.8023959 2.5440318 2.5440318 2.5317565 2.5587013 2.5633763 
gu_23_chr7_800589_803138      0.0042483 0.0000000 2.0945047 0.7010757 0.3631287 0.0257687 2.4926648 0.7085692 2.7265921 2.8701206 3.0468311 3.1051667 3.1369818 2.8879887 2.8921272 3.0788484 2.8023959 2.7041490 3.1735849 2.8277523 2.8793909 2.8001760 2.8023959 2.5555268 2.5555268 2.5432219 2.5702462 2.5748914 
gu_35_chr7_1026314_1028981    2.0945047 2.0945047 0.0000000 2.0592195 2.4028197 2.0755065 0.9284938 2.0455766 3.0852608 3.4802128 2.6074178 3.4445853 2.1308568 1.8467279 3.4705420 2.3656231 2.3374564 3.0956586 2.1720817 2.3580774 3.4707246 3.4829009 2.3387542 3.5036614 3.5036614 3.5029644 3.5288328 3.5030572 
gu_45_chr7_1660149_1662710    0.7074136 0.7010757 2.0592195 0.0000000 0.5007636 0.6971480 2.2563889 0.0200378 2.4807021 2.5804088 2.9418731 2.4909758 3.2840729 3.0327799 2.6110556 3.3859700 2.7534637 2.5033737 3.2876072 2.7422720 2.5999703 2.5216448 2.7352401 2.8619344 2.8619344 2.8758031 2.8788078 2.8436186 
gu_84_chr7_6312003_6314281    0.3567156 0.3631287 2.4028197 0.5007636 0.0000000 0.3458686 2.8015260 0.5073200 2.1428513 2.5562243 2.6117394 2.5677602 2.6587922 2.6459178 2.5988076 2.6498743 2.6084746 2.1478687 2.6844443 2.6300061 2.5856087 2.4712941 2.6084137 2.6578785 2.6578785 2.6578785 2.6578785 2.6808430 
gu_111_chr7_7175660_7178191   0.0214545 0.0257687 2.0755065 0.6971480 0.3458686 0.0000000 2.4673309 0.7046419 2.6901587 2.8367447 2.9936090 3.0618800 3.0916209 2.8494798 2.8594751 3.0240235 2.7443854 2.6682815 3.1287049 2.7692223 2.8468081 2.7865653 2.7443854 2.5247992 2.5247992 2.5126111 2.5393396 2.5440509 
gu_128_chr7_8004139_8006735   2.4926648 2.4926648 0.9284938 2.2563889 2.8015260 2.4673309 0.0000000 2.2569407 3.0951951 3.2507229 2.8941082 3.4208126 2.7018816 2.3462664 3.2715082 2.6685447 2.6129574 3.1044904 2.7501582 2.6373019 3.2715082 3.2712375 2.6129574 3.3830519 3.3830519 3.3830519 3.4055213 3.4181581 
gu_157_chr7_11652456_11655017 0.7149308 0.7085692 2.0455766 0.0200378 0.5073200 0.7046419 2.2569407 0.0000000 2.4562028 2.5553656 2.9119288 2.4668050 3.2506834 2.9888878 2.5864313 3.3468324 2.7190238 2.4788144 3.2550178 2.7079101 2.5753733 2.4965176 2.7009415 2.8496217 2.8496217 2.8634550 2.8664260 2.8313253 
gu_189_chr7_1133952_1136559   2.7140951 2.7265921 3.0852608 2.4807021 2.1428513 2.6901587 3.0951951 2.4562028 0.0000000 0.4753269 1.2662707 0.4946444 1.3225900 1.1887325 0.4693219 1.2923330 1.2249203 0.0090260 1.2694228 1.2185434 0.4612874 0.4749751 1.2083018 0.5985168 0.5985168 0.6029852 0.6026334 0.6031512 
gu_197_chr7_1300223_1302786   2.8701206 2.8701206 3.4802128 2.5804088 2.5562243 2.8367447 3.2507229 2.5553656 0.4753269 0.0000000 1.4140861 0.1736077 1.5094236 1.3697150 0.0258966 1.4823907 1.3391960 0.4711083 1.4937317 1.3337473 0.0206929 0.0078301 1.3249702 0.6599253 0.6561891 0.6600330 0.6597264 0.6602021 
gu_206_chr7_1797468_1800111   3.0468311 3.0468311 2.6074178 2.9418731 2.6117394 2.9936090 2.8941082 2.9119288 1.2662707 1.4140861 0.0000000 1.4412309 0.7809189 0.7576368 1.3598991 0.7933859 0.0138857 1.2786133 0.7819617 0.0104131 1.3534307 1.4060648 0.0069330 1.4831656 1.4761886 1.4831426 1.4827429 1.4761940 
gu_211_chr7_3099151_3101755   3.1051667 3.1051667 3.4445853 2.4909758 2.5677602 3.0618800 3.4208126 2.4668050 0.4946444 0.1736077 1.4412309 0.0000000 1.5229202 1.3708675 0.1735992 1.4512306 1.3950849 0.4988615 1.4675718 1.3881031 0.1668135 0.1800765 1.3769182 0.6534935 0.6534935 0.6581560 0.6577843 0.6583602 
gu_221_chr7_3529270_3531263   3.1225866 3.1369818 2.1308568 3.2840729 2.6587922 3.0916209 2.7018816 3.2506834 1.3225900 1.5094236 0.7809189 1.5229202 0.0000000 0.0234356 1.5145539 0.1308207 0.7607316 1.3334542 0.0241021 0.7546500 1.4993219 1.5604661 0.7473532 1.4915269 1.4915269 1.4992300 1.4989234 1.4915317 
gu_227_chr7_3832214_3833745   2.8879887 2.8879887 1.8467279 3.0327799 2.6459178 2.8494798 2.3462664 2.9888878 1.1887325 1.3697150 0.7576368 1.3708675 0.0234356 0.0000000 1.3322749 0.1144884 0.7629192 1.1901641 0.0045307 0.7569994 1.3229715 1.4093907 0.7498934 1.3574654 1.3574654 1.3574654 1.3666410 1.3574845 
gu_232_chr7_4010640_4013204   2.8921272 2.8921272 3.4705420 2.6110556 2.5988076 2.8594751 3.2715082 2.5864313 0.4693219 0.0258966 1.3598991 0.1735992 1.5145539 1.3322749 0.0000000 1.4437630 1.3036041 0.4651955 1.4585313 1.2983819 0.0050702 0.0288772 1.2899484 0.6466556 0.6430020 0.6466397 0.6464612 0.6471153 
gu_241_chr7_5168007_5170656   3.0788484 3.0788484 2.3656231 3.3859700 2.6498743 3.0240235 2.6685447 3.3468324 1.2923330 1.4823907 0.7933859 1.4512306 0.1308207 0.1144884 1.4437630 0.0000000 0.7850771 1.3046035 0.1277606 0.7801444 1.4366128 1.5226322 0.7741984 1.4575617 1.4503268 1.4574635 1.4571724 1.4503344 
gu_256_chr7_5494587_5496779   2.8023959 2.8023959 2.3374564 2.7534637 2.6084746 2.7443854 2.6129574 2.7190238 1.2249203 1.3391960 0.0138857 1.3950849 0.7607316 0.7629192 1.3036041 0.7850771 0.0000000 1.2264033 0.7626780 0.0104012 1.2965701 1.3293214 0.0069251 1.4938887 1.4860686 1.4860686 1.4934303 1.4860739 
gu_262_chr7_5602654_5605261   2.6917846 2.7041490 3.0956586 2.5033737 2.1478687 2.6682815 3.1044904 2.4788144 0.0090260 0.4711083 1.2786133 0.4988615 1.3334542 1.1901641 0.4651955 1.3046035 1.2264033 0.0000000 1.2799307 1.2200179 0.4571776 0.4706941 1.2097623 0.5895629 0.5895629 0.5940137 0.5936645 0.5941745 
gu_272_chr7_5686596_5688589   3.1594651 3.1735849 2.1720817 3.2876072 2.6844443 3.1287049 2.7501582 3.2550178 1.2694228 1.4937317 0.7819617 1.4675718 0.0241021 0.0045307 1.4585313 0.1277606 0.7626780 1.2799307 0.0000000 0.7567608 1.4440153 1.5440912 0.7496581 1.4200979 1.4200979 1.4274412 1.4271368 1.4201080 
gu_313_chr7_7255024_7257219   2.8277523 2.8277523 2.3580774 2.7422720 2.6300061 2.7692223 2.6373019 2.7079101 1.2185434 1.3337473 0.0104131 1.3881031 0.7546500 0.7569994 1.2983819 0.7801444 0.0104012 1.2200179 0.7567608 0.0000000 1.2913677 1.3238148 0.0034622 1.4888777 1.4810764 1.4810764 1.4884132 1.4810821 
gu_315_chr7_7337007_7339571   2.8793908 2.8793909 3.4707246 2.5999703 2.5856087 2.8468081 3.2715082 2.5753733 0.4612874 0.0206929 1.3534307 0.1668135 1.4993219 1.3229715 0.0050702 1.4366128 1.2965701 0.4571776 1.4440153 1.2913677 0.0000000 0.0235986 1.2829625 0.6470394 0.6433845 0.6470236 0.6468449 0.6474995 
gu_321_chr7_7939564_7942127   2.8001760 2.8001760 3.4829009 2.5216448 2.4712941 2.7865653 3.2712375 2.4965176 0.4749751 0.0078301 1.4060648 0.1800765 1.5604661 1.4093907 0.0288772 1.5226322 1.3293214 0.4706941 1.5440912 1.3238148 0.0235986 0.0000000 1.3149383 0.6662171 0.6624233 0.6663267 0.6660153 0.6665016 
gu_338_chr7_8884105_8886297   2.8023959 2.8023959 2.3387542 2.7352401 2.6084137 2.7443854 2.6129574 2.7009415 1.2083018 1.3249702 0.0069330 1.3769182 0.7473532 0.7498934 1.2899484 0.7741984 0.0069251 1.2097623 0.7496581 0.0034622 1.2829625 1.3149383 0.0000000 1.4788940 1.4711126 1.4711126 1.4784164 1.4711191 
gu_340_chr7_9103797_9106325   2.5440318 2.5555268 3.5036614 2.8619344 2.6578785 2.5247992 3.3830519 2.8496217 0.5985168 0.6599253 1.4831656 0.6534935 1.4915269 1.3574654 0.6466556 1.4575617 1.4938887 0.5895629 1.4200979 1.4888777 0.6470394 0.6662171 1.4788940 0.0000000 0.0025473 0.0050986 0.0050971 0.0051005 
gu_350_chr7_9143229_9145757   2.5440318 2.5555268 3.5036614 2.8619344 2.6578785 2.5247992 3.3830519 2.8496217 0.5985168 0.6561891 1.4761886 0.6534935 1.4915269 1.3574654 0.6430020 1.4503268 1.4860686 0.5895629 1.4200979 1.4810764 0.6433845 0.6624233 1.4711126 0.0025473 0.0000000 0.0025477 0.0025470 0.0025486 
gu_362_chr7_9190397_9192925   2.5317565 2.5432219 3.5029644 2.8758031 2.6578785 2.5126111 3.3830519 2.8634550 0.6029852 0.6600330 1.4831426 0.6581560 1.4992300 1.3574654 0.6466397 1.4574635 1.4860686 0.5940137 1.4274412 1.4810764 0.6470236 0.6663267 1.4711126 0.0050986 0.0025477 0.0000000 0.0050978 0.0051012 
gu_364_chr7_9198255_9200783   2.5587013 2.5702462 3.5288328 2.8788078 2.6578785 2.5393396 3.4055213 2.8664260 0.6026334 0.6597264 1.4827429 0.6577843 1.4989234 1.3666410 0.6464612 1.4571724 1.4934303 0.5936645 1.4271368 1.4884132 0.6468449 0.6660153 1.4784164 0.0050971 0.0025470 0.0050978 0.0000000 0.0050997 
gu_366_chr7_9206126_9208654   2.5633763 2.5748914 3.5030572 2.8436186 2.6808430 2.5440509 3.4181581 2.8313253 0.6031512 0.6602021 1.4761940 0.6583602 1.4915317 1.3574845 0.6471153 1.4503344 1.4860739 0.5941745 1.4201080 1.4810821 0.6474995 0.6665016 1.4711191 0.0051005 0.0025486 0.0051012 0.0050997 0.0000000 
