40
gu_10_chr7_731175_734562     0.0000000 0.0304121 2.1284505 0.3617246 3.3232981 1.1233249 3.0964258 0.2434934 0.2572464 2.3597377 2.7176039 2.6062117 2.8619759 1.0926671 3.0792740 3.1144559 1.1951057 4.3205019 1.1151290 1.1643808 3.0124934 1.2812838 2.1875283 2.2342488 2.8797762 3.2145886 2.7235164 2.8598078 2.2100771 3.1350712 2.7719848 2.5044649 2.7521633 3.2417089 2.9336318 0.1154729 2.2189955 1.1477984 1.1295648 1.0875730 
gu_11_chr7_738853_742240     0.0304121 0.0000000 2.1621620 0.3528899 3.3797841 1.1303135 3.1296651 0.2435126 0.2489049 2.3929904 2.7607274 2.6479925 2.8961825 1.1057197 3.0755890 3.1420088 1.1876485 4.2664989 1.1348233 1.1834548 3.0089944 1.2603965 2.2176388 2.2641146 2.9139019 3.2272622 2.7667766 2.8938760 2.2403000 3.1184721 2.8157993 2.5315315 2.7957391 3.2243808 2.9590956 0.1047313 2.2495625 1.1670247 1.1352054 1.1005441 
gu_12_chr7_1801915_1805300   2.1284505 2.1621620 0.0000000 2.5239760 1.0153957 2.8789370 0.9668599 2.1559954 2.3512625 0.4323557 1.1025381 1.0155201 1.1707052 2.4625008 1.2842077 1.0905856 2.4646132 2.1601176 2.5443229 2.7051332 1.2602545 2.7358339 0.2997243 0.2014109 1.1243879 1.3959552 1.1080675 1.0990045 0.1965100 1.3657239 1.1143177 1.1338914 1.1325485 1.3833926 1.2581278 2.2723694 0.1664984 2.6427403 2.6976950 2.4545775 
gu_13_chr7_2238514_2241740   0.3617246 0.3528899 2.5239760 0.0000000 3.4436101 1.1260466 3.1331421 0.3546404 0.3645262 2.6929567 2.8223981 2.7048056 2.9295658 1.1585789 3.2472456 3.2877026 1.2287257 4.1279185 1.1448102 1.1753213 3.0809833 1.3124233 2.5203751 2.6323570 3.0085457 3.3467732 2.7785572 2.9913135 2.5967410 3.2703074 2.8348654 2.5083454 2.8138474 3.4073345 2.9788785 0.3499811 2.5922459 1.2227776 1.1899611 1.1285637 
gu_14_chr7_3252147_3256307   3.3232981 3.3797841 1.0153957 3.4436101 0.0000000 2.7877142 0.6049078 3.1279044 3.4310355 0.9289214 0.9406209 0.8870820 1.0293098 2.5853692 1.0028650 0.8559963 2.7205225 1.6923508 2.7575189 2.6503955 1.0338134 2.8018252 1.0298116 1.0893067 0.9997903 1.1062985 0.9383524 0.9745641 1.0207191 1.0955472 0.9440651 0.9143332 0.9608140 1.1153652 1.0220269 3.2544922 1.0477664 2.7015699 2.7477320 2.5769378 
gu_16_chr7_27746860_27751603 1.1233249 1.1303135 2.8789370 1.1260466 2.7877142 0.0000000 2.3642540 0.9631445 1.1464309 2.9726349 2.8791411 2.6530991 3.0564293 1.2579649 3.0649774 3.0435408 1.3513437 3.7875146 1.3341578 1.3078661 3.1332109 1.3617694 2.7772772 2.8993392 3.0159700 3.3002698 2.8589223 3.0721650 2.8954072 3.1674084 2.8710959 2.6237383 2.8536620 3.3561814 2.9705278 1.0756638 2.8132397 1.3748660 1.4450016 1.2877948 
gu_17_chr7_28831543_28836290 3.0964258 3.1296651 0.9668599 3.1331421 0.6049078 2.3642540 0.0000000 2.9317488 3.1977914 0.8994970 1.0787733 1.0539914 1.1005458 2.6858829 1.1462689 0.8669972 2.7617940 1.8789435 2.8028159 2.6709478 1.1293036 2.7775659 0.9152202 1.0248665 1.0977024 1.1977553 1.0760849 1.1018930 0.9947290 1.2542855 1.0767369 1.0419954 1.0880070 1.2208396 1.1744774 2.9664255 0.9791902 2.7059460 2.7448057 2.6415513 
gu_18_chr7_29660300_29663599 0.2434934 0.2435126 2.1559954 0.3546404 3.1279044 0.9631445 2.9317488 0.0000000 0.2349751 2.1642576 2.7637291 2.6548050 2.9298201 1.0179735 3.0723767 3.1569460 1.1113864 4.1474743 1.0645820 1.0833529 3.0721840 1.1925524 2.0900458 2.1653600 2.9209330 3.2478015 2.7405059 2.9230986 2.1254356 3.1683736 2.7893575 2.4891300 2.7693728 3.2389958 2.9271618 0.2585241 2.1333578 1.1171622 1.0978423 1.0414050 
gu_0_chr1_40564559_40567781  0.2572464 0.2489049 2.3512625 0.3645262 3.4310355 1.1464309 3.1977914 0.2349751 0.0000000 2.4394492 2.8650840 2.7382795 3.2372916 1.0781525 3.4200535 3.4109558 1.1338851 4.3514433 1.1140789 1.1225524 3.3079509 1.2352535 2.3161867 2.4196629 3.2227454 3.6291084 2.8352478 3.1983089 2.3792843 3.5134990 2.8837760 2.6078498 2.8639001 3.6103618 3.0728027 0.2566534 2.4087374 1.1766829 1.1674806 1.0863222 
gu_8_chr6_567247_570559      2.3597377 2.3929904 0.4323557 2.6929567 0.9289214 2.9726349 0.8994970 2.1642576 2.4394492 0.0000000 1.1891356 1.0438808 1.2545433 2.7292751 1.2655733 1.0961700 2.6673683 2.1883179 2.8219960 3.0179034 1.2018250 2.9882031 0.3276771 0.3722223 1.2304102 1.2595599 1.1766153 1.1730004 0.3873408 1.2189298 1.1870792 1.1514177 1.1988232 1.2694241 1.3701489 2.3849593 0.3788487 2.9314897 2.9791603 2.7669626 
gu_92_chr16_3462961_3465851  2.7176039 2.7607274 1.1025381 2.8223981 0.9406209 2.8791411 1.0787733 2.7637291 2.8650840 1.1891356 0.0000000 0.2808102 0.3178595 1.8029052 0.4555154 0.8208351 1.6780014 1.1614883 1.9296595 1.8869124 0.4584136 1.7193365 1.2138777 1.2561906 0.2922430 0.5496792 0.0547856 0.2575722 1.2051354 0.5576202 0.0548547 0.0682543 0.0548487 0.5492459 0.0550290 2.7842512 1.1942939 1.8880984 1.9080564 1.8551198 
gu_164_chr28_5959215_5962162 2.6062117 2.6479925 1.0155201 2.7048056 0.8870820 2.6530991 1.0539914 2.6548050 2.7382795 1.0438808 0.2808102 0.0000000 0.1291414 1.5880755 0.2934970 0.7636969 1.4438505 0.9379999 1.7048446 1.7494623 0.2438188 1.6090957 1.1508037 1.1676967 0.0936557 0.4191545 0.2625842 0.0701813 1.0776468 0.3979526 0.2807717 0.2875679 0.2902825 0.4080746 0.2771107 2.6252259 1.1266937 1.7504907 1.7718218 1.6239738 
gu_379_chr36_2706631_2709913 2.8619759 2.8961825 1.1707052 2.9295658 1.0293098 3.0564293 1.1005458 2.9298201 3.2372916 1.2545433 0.3178595 0.1291414 0.0000000 2.0873262 0.2952061 0.7890862 1.9845416 1.2816524 2.2184944 2.0067465 0.2524922 2.0621593 1.2531613 1.3148960 0.1244759 0.3777581 0.2901195 0.0962752 1.2592174 0.3566195 0.3086266 0.3326784 0.3183189 0.3868682 0.4299591 2.9418251 1.2680810 2.0786301 2.0607578 2.1566476 
gu_289_chr33_2934751_2938186 1.0926671 1.1057197 2.4625008 1.1585789 2.5853692 1.2579649 2.6858829 1.0179735 1.0781525 2.7292751 1.8029052 1.5880755 2.0873262 0.0000000 2.0123721 2.3892304 0.2210875 3.0992688 0.1000276 0.1448387 2.0316918 0.2951700 2.6876367 2.5645904 2.0363522 2.2735897 1.7659770 1.9851682 2.5438479 2.2239974 1.7910680 1.6885761 1.7985411 2.2054398 1.9358252 1.0730373 2.5239536 0.1139368 0.2784608 0.0679526 
gu_337_chr35_2484076_2487552 3.0792740 3.0755890 1.2842077 3.2472456 1.0028650 3.0649774 1.1462689 3.0723767 3.4200535 1.2655733 0.4555154 0.2934970 0.2952061 2.0123721 0.0000000 0.7864081 1.9582198 0.9963664 2.1289104 2.2725426 0.1393762 2.0325161 1.2849448 1.3259050 0.2656502 0.0440015 0.4600466 0.2404381 1.2534330 0.1218402 0.4787521 0.3978687 0.4605030 0.0434083 0.5870314 3.1361640 1.2874640 2.2218452 2.2387397 2.0609240 
gu_106_chr22_195984_199487   3.1144559 3.1420088 1.0905856 3.2877026 0.8559963 3.0435408 0.8669972 3.1569460 3.4109558 1.0961700 0.8208351 0.7636969 0.7890862 2.3892304 0.7864081 0.0000000 2.3738742 2.0131324 2.4933857 2.5269264 0.8234854 2.5184462 1.1422470 1.1836723 0.7601366 0.8830480 0.8179959 0.7501187 1.1593361 0.8942576 0.8338453 0.7885357 0.8342815 0.8745563 0.8929700 3.1641062 1.1336519 2.5855450 2.6399848 2.4382548 
gu_266_chr31_4849012_4852518 1.1951057 1.1876485 2.4646132 1.2287257 2.7205225 1.3513437 2.7617940 1.1113864 1.1338851 2.6673683 1.6780014 1.4438505 1.9845416 0.2210875 1.9582198 2.3738742 0.0000000 3.0022321 0.2766771 0.2781960 1.8847507 0.1339364 2.6382159 2.5965232 1.9538169 2.2288612 1.6408401 1.8931988 2.5753649 2.1185609 1.6662396 1.5461484 1.6732564 2.1588956 1.8111285 1.1651499 2.5544527 0.2822405 0.1338338 0.2278005 
gu_181_chr29_1297671_1321050 4.3205019 4.2664989 2.1601176 4.1279185 1.6923508 3.7875146 1.8789435 4.1474743 4.3514433 2.1883179 1.1614883 0.9379999 1.2816524 3.0992688 0.9963664 2.0131324 3.0022321 0.0000000 3.1967301 3.2497740 0.9755280 3.1800154 2.3015955 2.3776257 1.2104401 1.0090403 1.1638161 1.1970439 2.2588931 0.9798272 1.1762729 1.1581150 1.1656495 0.9649895 1.3802504 4.1302408 2.3568731 3.3464079 3.1007601 3.0840736 
gu_314_chr34_1330178_1333663 1.1151290 1.1348233 2.5443229 1.1448102 2.7575189 1.3341578 2.8028159 1.0645820 1.1140789 2.8219960 1.9296595 1.7048446 2.2184944 0.1000276 2.1289104 2.4933857 0.2766771 3.1967301 0.0000000 0.1909364 2.1211606 0.3217459 2.7718923 2.6554525 2.1239228 2.3750540 1.8905619 2.1074859 2.6510930 2.3548649 1.9169530 1.8104037 1.9253925 2.3249639 2.0465774 1.1000707 2.6311152 0.1518544 0.3279962 0.0996410 
gu_213_chr30_4699674_4703022 1.1643808 1.1834548 2.7051332 1.1753213 2.6503955 1.3078661 2.6709478 1.0833529 1.1225524 3.0179034 1.8869124 1.7494623 2.0067465 0.1448387 2.2725426 2.5269264 0.2781960 3.2497740 0.1909364 0.0000000 2.1820440 0.2882544 2.8129131 2.9202463 2.1305248 2.5208845 1.8374023 2.0455915 2.8799220 2.4831788 1.8611670 1.7860467 1.8685296 2.5388801 2.0124668 1.1385565 2.8697419 0.1193516 0.2894335 0.1478199 
gu_274_chr32_3870247_3873732 3.0124934 3.0089944 1.2602545 3.0809833 1.0338134 3.1332109 1.1293036 3.0721840 3.3079509 1.2018250 0.4584136 0.2438188 0.2524922 2.0316918 0.1393762 0.8234854 1.8847507 0.9755280 2.1211606 2.1820440 0.0000000 2.1203610 1.1978871 1.2631229 0.2543277 0.1288371 0.4575947 0.2106393 1.1831613 0.1308566 0.4696625 0.4124626 0.4698070 0.1293224 0.5882909 3.0489256 1.2315990 2.1619337 2.1227769 2.0498355 
gu_332_chr35_2354715_2358098 1.2812838 1.2603965 2.7358339 1.3124233 2.8018252 1.3617694 2.7775659 1.1925524 1.2352535 2.9882031 1.7193365 1.6090957 2.0621593 0.2951700 2.0325161 2.5184462 0.1339364 3.1800154 0.3217459 0.2882544 2.1203610 0.0000000 2.8045672 2.9763571 2.0219259 2.2777033 1.6790862 1.9927569 2.9338742 2.3809207 1.7189581 1.6006941 1.6762116 2.2981005 1.8591107 1.2362651 2.9588029 0.2900959 0.1595055 0.2726271 
gu_294_chr33_3090071_3093247 2.1875283 2.2176388 0.2997243 2.5203751 1.0298116 2.7772772 0.9152202 2.0900458 2.3161867 0.3276771 1.2138777 1.1508037 1.2531613 2.6876367 1.2849448 1.1422470 2.6382159 2.3015955 2.7718923 2.8129131 1.1978871 2.8045672 0.0000000 0.1756497 1.2459312 1.2627617 1.2039516 1.2074662 0.1676939 1.2361181 1.2141683 1.1802604 1.2256484 1.2804135 1.4091475 2.1442247 0.1677313 2.7764337 2.8349385 2.7061035 
gu_194_chr29_2125215_2128460 2.2342488 2.2641146 0.2014109 2.6323570 1.0893067 2.8993392 1.0248665 2.1653600 2.4196629 0.3722223 1.2561906 1.1676967 1.3148960 2.5645904 1.3259050 1.1836723 2.5965232 2.3776257 2.6554525 2.9202463 1.2631229 2.9763571 0.1756497 0.0000000 1.2945314 1.3262493 1.2470060 1.2593431 0.0273924 1.2914426 1.2570816 1.2495037 1.2684250 1.3313177 1.4339451 2.2044506 0.0039015 2.8091256 2.9322509 2.6111785 
gu_304_chr34_454434_457898   2.8797762 2.9139019 1.1243879 3.0085457 0.9997903 3.0159700 1.0977024 2.9209330 3.2227454 1.2304102 0.2922430 0.0936557 0.1244759 2.0363522 0.2656502 0.7601366 1.9538169 1.2104401 2.1239228 2.1305248 0.2543277 2.0219259 1.2459312 1.2945314 0.0000000 0.3564040 0.2693512 0.0945892 1.2223915 0.3409242 0.2830820 0.3096065 0.2925816 0.3537351 0.4036419 2.9487457 1.2638448 2.0959300 2.1048532 2.0845873 
gu_372_chr35_3676694_3680014 3.2145886 3.2272622 1.3959552 3.3467732 1.1062985 3.3002698 1.1977553 3.2478015 3.6291084 1.2595599 0.5496792 0.4191545 0.3777581 2.2735897 0.0440015 0.8830480 2.2288612 1.0090403 2.3750540 2.5208845 0.1288371 2.2777033 1.2627617 1.3262493 0.3564040 0.0000000 0.5486359 0.3289089 1.2789892 0.1399321 0.5720100 0.4940574 0.5543429 0.0408317 0.6764395 3.2564307 1.2954419 2.4757715 2.4551346 2.3025268 
gu_87_chr16_3281440_3284332  2.7235164 2.7667766 1.1080675 2.7785572 0.9383524 2.8589223 1.0760849 2.7405059 2.8352478 1.1766153 0.0547856 0.2625842 0.2901195 1.7659770 0.4600466 0.8179959 1.6408401 1.1638161 1.8905619 1.8374023 0.4575947 1.6790862 1.2039516 1.2470060 0.2693512 0.5486359 0.0000000 0.2395504 1.1958681 0.5730664 0.0232833 0.0337353 0.0233068 0.5482353 0.0311974 2.7593481 1.1850104 1.8386950 1.8597122 1.8172878 
gu_211_chr30_3971011_3974366 2.8598078 2.8938760 1.0990045 2.9913135 0.9745641 3.0721650 1.1018930 2.9230986 3.1983089 1.1730004 0.2575722 0.0701813 0.0962752 1.9851682 0.2404381 0.7501187 1.8931988 1.1970439 2.1074859 2.0455915 0.2106393 1.9927569 1.2074662 1.2593431 0.0945892 0.3289089 0.2395504 0.0000000 1.1712532 0.3070179 0.2574154 0.2620019 0.2667863 0.3299051 0.3731169 2.9266958 1.2187603 2.0447688 2.0189581 2.0504062 
gu_197_chr29_2302794_2306041 2.2100771 2.2403000 0.1965100 2.5967410 1.0207191 2.8954072 0.9947290 2.1254356 2.3792843 0.3873408 1.2051354 1.0776468 1.2592174 2.5438479 1.2534330 1.1593361 2.5753649 2.2588931 2.6510930 2.8799220 1.1831613 2.9338742 0.1676939 0.0273924 1.2223915 1.2789892 1.1958681 1.1712532 0.0000000 1.2178067 1.2059984 1.1983149 1.2173767 1.2511073 1.3780434 2.1804022 0.0314517 2.7689470 2.9267154 2.6059831 
gu_215_chr30_4867654_4871152 3.1350712 3.1184721 1.3657239 3.2703074 1.0955472 3.1674084 1.2542855 3.1683736 3.5134990 1.2189298 0.5576202 0.3979526 0.3566195 2.2239974 0.1218402 0.8942576 2.1185609 0.9798272 2.3548649 2.4831788 0.1308566 2.3809207 1.2361181 1.2914426 0.3409242 0.1399321 0.5730664 0.3070179 1.2178067 0.0000000 0.5788435 0.5072915 0.5902162 0.1201679 0.6893422 3.1904386 1.2600585 2.4427811 2.4581209 2.2874515 
gu_66_chr16_2556796_2559687  2.7719848 2.8157993 1.1143177 2.8348654 0.9440651 2.8710959 1.0767369 2.7893575 2.8837760 1.1870792 0.0548547 0.2807717 0.3086266 1.7910680 0.4787521 0.8338453 1.6662396 1.1762729 1.9169530 1.8611670 0.4696625 1.7189581 1.2141683 1.2570816 0.2830820 0.5720100 0.0232833 0.2574154 1.2059984 0.5788435 0.0000000 0.0509188 0.0233330 0.5713695 0.0391548 2.8084438 1.1951506 1.8624064 1.8828845 1.8429246 
gu_54_chr16_2147841_2150731  2.5044649 2.5315315 1.1338914 2.5083454 0.9143332 2.6237383 1.0419954 2.4891300 2.6078498 1.1514177 0.0682543 0.2875679 0.3326784 1.6885761 0.3978687 0.7885357 1.5461484 1.1581150 1.8104037 1.7860467 0.4124626 1.6006941 1.1802604 1.2495037 0.3096065 0.4940574 0.0337353 0.2620019 1.1983149 0.5072915 0.0509188 0.0000000 0.0509756 0.4997640 0.0597250 2.5320126 1.1874455 1.7735663 1.7811523 1.7549450 
gu_50_chr16_2007994_2010884  2.7521633 2.7957391 1.1325485 2.8138474 0.9608140 2.8536620 1.0880070 2.7693728 2.8639001 1.1988232 0.0548487 0.2902825 0.3183189 1.7985411 0.4605030 0.8342815 1.6732564 1.1656495 1.9253925 1.8685296 0.4698070 1.6762116 1.2256484 1.2684250 0.2925816 0.5543429 0.0233068 0.2667863 1.2173767 0.5902162 0.0233330 0.0509756 0.0000000 0.5538671 0.0391941 2.7883542 1.2065343 1.8697576 1.8901489 1.8246623 
gu_336_chr35_2470710_2474098 3.2417089 3.2243808 1.3833926 3.4073345 1.1153652 3.3561814 1.2208396 3.2389958 3.6103618 1.2694241 0.5492459 0.4080746 0.3868682 2.2054398 0.0434083 0.8745563 2.1588956 0.9649895 2.3249639 2.5388801 0.1293224 2.2981005 1.2804135 1.3313177 0.3537351 0.0408317 0.5482353 0.3299051 1.2511073 0.1201679 0.5713695 0.4997640 0.5538671 0.0000000 0.6724141 3.2854424 1.2930495 2.4925654 2.5093862 2.2541184 
gu_53_chr16_2125730_2128685  2.9336318 2.9590956 1.2581278 2.9788785 1.0220269 2.9705278 1.1744774 2.9271618 3.0728027 1.3701489 0.0550290 0.2771107 0.4299591 1.9358252 0.5870314 0.8929700 1.8111285 1.3802504 2.0465774 2.0124668 0.5882909 1.8591107 1.4091475 1.4339451 0.4036419 0.6764395 0.0311974 0.3731169 1.3780434 0.6893422 0.0391548 0.0597250 0.0391941 0.6724141 0.0000000 2.9564574 1.3779838 2.0132984 2.0291504 1.9747606 
gu_320_chr34_1729344_1732591 0.1154729 0.1047313 2.2723694 0.3499811 3.2544922 1.0756638 2.9664255 0.2585241 0.2566534 2.3849593 2.7842512 2.6252259 2.9418251 1.0730373 3.1361640 3.1641062 1.1651499 4.1302408 1.1000707 1.1385565 3.0489256 1.2362651 2.1442247 2.2044506 2.9487457 3.2564307 2.7593481 2.9266958 2.1804022 3.1904386 2.8084438 2.5320126 2.7883542 3.2854424 2.9564574 0.0000000 2.1883377 1.1408493 1.1152295 1.0668626 
gu_177_chr29_1121970_1125218 2.2189955 2.2495625 0.1664984 2.5922459 1.0477664 2.8132397 0.9791902 2.1333578 2.4087374 0.3788487 1.1942939 1.1266937 1.2680810 2.5239536 1.2874640 1.1336519 2.5544527 2.3568731 2.6311152 2.8697419 1.2315990 2.9588029 0.1677313 0.0039015 1.2638448 1.2954419 1.1850104 1.2187603 0.0314517 1.2600585 1.1951506 1.1874455 1.2065343 1.2930495 1.3779838 2.1883377 0.0000000 2.7892066 2.9091068 2.5861125 
gu_179_chr29_1251258_1254746 1.1477984 1.1670247 2.6427403 1.2227776 2.7015699 1.3748660 2.7059460 1.1171622 1.1766829 2.9314897 1.8880984 1.7504907 2.0786301 0.1139368 2.2218452 2.5855450 0.2822405 3.3464079 0.1518544 0.1193516 2.1619337 0.2900959 2.7764337 2.8091256 2.0959300 2.4757715 1.8386950 2.0447688 2.7689470 2.4427811 1.8624064 1.7735663 1.8697576 2.4925654 2.0132984 1.1408493 2.7892066 0.0000000 0.2819179 0.1212188 
gu_231_chr30_8427008_8430230 1.1295648 1.1352054 2.6976950 1.1899611 2.7477320 1.4450016 2.7448057 1.0978423 1.1674806 2.9791603 1.9080564 1.7718218 2.0607578 0.2784608 2.2387397 2.6399848 0.1338338 3.1007601 0.3279962 0.2894335 2.1227769 0.1595055 2.8349385 2.9322509 2.1048532 2.4551346 1.8597122 2.0189581 2.9267154 2.4581209 1.8828845 1.7811523 1.8901489 2.5093862 2.0291504 1.1152295 2.9091068 0.2819179 0.0000000 0.2945429 
gu_192_chr29_1991973_1995472 1.0875730 1.1005441 2.4545775 1.1285637 2.5769378 1.2877948 2.6415513 1.0414050 1.0863222 2.7669626 1.8551198 1.6239738 2.1566476 0.0679526 2.0609240 2.4382548 0.2278005 3.0840736 0.0996410 0.1478199 2.0498355 0.2726271 2.7061035 2.6111785 2.0845873 2.3025268 1.8172878 2.0504062 2.6059831 2.2874515 1.8429246 1.7549450 1.8246623 2.2541184 1.9747606 1.0668626 2.5861125 0.1212188 0.2945429 0.0000000 
