36
gu_189_chr7_31620818_31622741 0.0000000 1.6557608 0.2356520 0.2356520 1.3954442 1.3955710 0.3915695 2.4587382 2.8836957 1.5642403 1.5254691 1.5642403 1.7252793 1.7233841 1.7223759 1.7761439 1.7404685 1.7582143 1.7404685 1.7248259 1.7404685 1.7404685 1.7404685 1.8506972 1.7763939 1.4358364 3.1085004 3.2397702 0.3680681 2.2782801 3.3069241 1.4469570 1.3809646 1.5017342 3.3077244 2.3163215 
gu_191_chr7_33273774_33277731 1.6557608 0.0000000 1.5049813 1.5049813 1.4615706 1.4793302 1.7636863 1.1622268 2.4508764 1.3193396 1.2933240 1.3193396 3.3317712 3.4995323 3.4749519 3.4211557 3.4568565 3.4569980 3.4568565 3.4391304 3.4211594 3.3933359 3.4568565 3.5570173 3.5008819 1.3020553 3.0747159 3.1654179 1.9728451 2.0293704 3.1981936 1.2331870 1.4284558 1.2677383 3.0782958 2.2800433 
gu_234_chr7_36050726_36053388 0.2356520 1.5049813 0.0000000 0.0000010 1.3652635 1.3639258 0.3898852 2.3881396 2.7460118 1.5820545 1.5459913 1.5820545 1.5993781 1.6101062 1.6095173 1.6420621 1.6103398 1.6261014 1.6103398 1.5957904 1.6103398 1.6103398 1.6103398 1.7120684 1.6448722 1.4249203 3.2351626 3.3542282 0.3288782 2.2397990 3.4262537 1.4443624 1.3855908 1.5606275 3.3595254 2.2905351 
gu_236_chr7_36060319_36062983 0.2356520 1.5049813 0.0000010 0.0000000 1.3652635 1.3639258 0.3898852 2.3881396 2.7460118 1.5820545 1.5459913 1.5820545 1.5993781 1.6101062 1.6095173 1.6420621 1.6103398 1.6261014 1.6103398 1.5957904 1.6103398 1.6103398 1.6103398 1.7120684 1.6448722 1.4249203 3.2351626 3.3542282 0.3288782 2.2397990 3.4262537 1.4443624 1.3855908 1.5606275 3.3595254 2.2905351 
gu_241_chr7_36122282_36123694 1.3954442 1.4615706 1.3652635 1.3652635 0.0000000 0.0121751 1.5519843 2.3937258 2.3021204 0.0114938 0.0231264 0.0114938 3.4643765 3.4540137 3.4713808 3.3994540 3.4476264 3.4156608 3.4476264 3.4297151 3.4314982 3.3948436 3.4476264 3.4812796 3.4139230 0.1197866 2.1549687 2.1596521 1.6577233 0.6912321 2.2531211 0.1193822 0.6508132 0.1324044 2.2033679 0.9499526 
gu_244_chr7_36162166_36163578 1.3955710 1.4793302 1.3639258 1.3639258 0.0121751 0.0000000 1.5521218 2.3961204 2.2852047 0.0114939 0.0231265 0.0114939 3.4833629 3.4719335 3.4893781 3.4171849 3.4654347 3.4333175 3.4654347 3.4475161 3.4493508 3.4125032 3.4654347 3.4989071 3.4314062 0.1444774 2.1728465 2.1775622 1.6566654 0.7160538 2.2716648 0.1193079 0.6626745 0.1323212 2.2176058 0.9603179 
gu_247_chr7_38263146_38265702 0.3915695 1.7636863 0.3898852 0.3898852 1.5519843 1.5521218 0.0000000 2.6326546 3.2700975 1.6868910 1.6280047 1.6868910 1.9503121 1.7140231 1.7526053 1.7739589 1.7744410 1.7962367 1.7744410 1.7554855 1.7744410 1.7744410 1.7744410 1.9084442 1.8175378 1.4543067 3.9334065 4.1772558 0.4521464 2.5949037 4.1525010 1.4567868 1.6456268 1.6422346 4.2294848 2.7162486 
gu_253_chr7_32175311_32179270 2.4587382 1.1622268 2.3881396 2.3881396 2.3937258 2.3961204 2.6326546 0.0000000 3.1628587 4.3462915 4.2581520 4.3462915 4.2687955 4.5061145 4.4762204 4.5088044 4.5071252 4.4759619 4.4746202 4.5001041 4.4915671 4.4914311 4.5071252 4.5557016 4.5637551 4.3546813 3.2489201 3.4342244 2.9686479 4.7629458 3.4036418 4.1827279 2.1489351 4.3310607 3.3456934 2.8570286 
gu_257_chr7_37054543_37056740 2.8836957 2.4508764 2.7460118 2.7460118 2.3021204 2.2852047 3.2700975 3.1628587 0.0000000 2.7111494 2.7303175 2.7111494 3.2246068 3.1568924 3.2471868 3.2470861 3.2471868 3.2471387 3.2471868 3.2278702 3.2471868 3.2470708 3.2471868 3.2288996 3.1443748 2.5384885 3.1419944 3.2652031 3.1712473 3.1577988 3.2160814 2.6102995 2.3221271 2.7851486 3.1635819 2.4418613 
gu_266_chr7_37386102_37387514 1.5642403 1.3193396 1.5820545 1.5820545 0.0114938 0.0114939 1.6868910 4.3462915 2.7111494 0.0000000 0.0114023 0.0000010 6.9145382 6.8680859 6.9921243 6.9921243 6.9921243 6.9921243 6.9921243 6.9012359 6.9921243 6.9921243 6.9921243 7.5740710 7.1209774 0.1305700 5.5812731 5.1040174 1.4459445 0.2360574 5.3820688 0.1301347 0.7057461 0.1431229 5.2348797 0.0000010 
gu_269_chr7_37413959_37415371 1.5254691 1.2933240 1.5459913 1.5459913 0.0231264 0.0231265 1.6280047 4.2581520 2.7303175 0.0114023 0.0000000 0.0114023 7.0996959 7.0603561 7.1883276 7.1883276 7.1883276 7.1883276 7.1883276 7.0951335 7.1883276 7.1883276 7.1883276 7.7837541 7.3150918 0.1432615 5.5125037 5.0424851 1.4123667 0.2499036 5.3184274 0.1427832 0.6851603 0.1565571 5.1732724 0.0000010 
gu_272_chr7_37433749_37435160 1.5642403 1.3193396 1.5820545 1.5820545 0.0114938 0.0114939 1.6868910 4.3462915 2.7111494 0.0000010 0.0114023 0.0000000 6.9145382 6.8680859 6.9921243 6.9921243 6.9921243 6.9921243 6.9921243 6.9012359 6.9921243 6.9921243 6.9921243 7.5740710 7.1209774 0.1305700 5.5812731 5.1040174 1.4459445 0.2360574 5.3820688 0.1301347 0.7057461 0.1431229 5.2348797 0.0000010 
gu_286_chr7_38723752_38726406 1.7252793 3.3317712 1.5993781 1.5993781 3.4643765 3.4833629 1.9503121 4.2687955 3.2246068 6.9145382 7.0996959 6.9145382 0.0000000 0.0728232 0.0666400 0.0605064 0.0604754 0.0543632 0.0666128 0.0727873 0.0604754 0.0665859 0.0604754 0.0590893 0.0651804 6.6788310 3.4029730 3.4332715 2.1672662 7.2638548 3.4138721 7.2068215 3.4125015 7.2358477 3.4677156 2.1870452 
gu_288_chr7_38737254_38739920 1.7233841 3.4995323 1.6101062 1.6101062 3.4540137 3.4719335 1.7140231 4.5061145 3.1568924 6.8680859 7.0603561 6.8680859 0.0728232 0.0000000 0.0276750 0.0334312 0.0221039 0.0276700 0.0276651 0.0332491 0.0222195 0.0277997 0.0221039 0.0278055 0.0278019 6.4826815 3.5384626 3.5694437 2.0713225 7.4454579 3.5518422 7.0859818 3.4478532 7.1191052 3.5948005 2.3330953 
gu_290_chr7_38746791_38749508 1.7223759 3.4749519 1.6095173 1.6095173 3.4713808 3.4893781 1.7526053 4.4762204 3.2471868 6.9921243 7.1883276 6.9921243 0.0666400 0.0276750 0.0000000 0.0166419 0.0055016 0.0110193 0.0110174 0.0165518 0.0055302 0.0110707 0.0055016 0.0335065 0.0334694 6.5999245 3.4940667 3.5248315 2.0487365 7.8159761 3.5066197 7.2214975 3.4557045 7.2518462 3.5503962 2.3258390 
gu_297_chr7_38775060_38777726 1.7761439 3.4211557 1.6420621 1.6420621 3.3994540 3.4171849 1.7739589 4.5088044 3.2470861 6.9921243 7.1883276 6.9921243 0.0605064 0.0334312 0.0166419 0.0000000 0.0110107 0.0054991 0.0165373 0.0220839 0.0110107 0.0165312 0.0110107 0.0277228 0.0276923 6.5999245 3.5392677 3.5700830 2.0994121 7.8536943 3.5525871 7.2214975 3.4087627 7.2518462 3.5949300 2.2577728 
gu_300_chr7_38788352_38791018 1.7404685 3.4568565 1.6103398 1.6103398 3.4476264 3.4654347 1.7744410 4.5071252 3.2471868 6.9921243 7.1883276 6.9921243 0.0604754 0.0221039 0.0055016 0.0110107 0.0000000 0.0054682 0.0054673 0.0109515 0.0000010 0.0054935 0.0000010 0.0277098 0.0276793 6.5999245 3.4983875 3.5289568 2.0630137 7.8536943 3.5109299 7.2214975 3.4324939 7.2518462 3.5543252 2.3107296 
gu_306_chr7_38812877_38815543 1.7582143 3.4569980 1.6261014 1.6261014 3.4156608 3.4333175 1.7962367 4.4759619 3.2471387 6.9921243 7.1883276 6.9921243 0.0543632 0.0276700 0.0110193 0.0054991 0.0054682 0.0000000 0.0109505 0.0164512 0.0054965 0.0110032 0.0054682 0.0221428 0.0221186 6.5999245 3.5395204 3.5703511 2.0812051 7.8536943 3.5528508 7.2214975 3.4011631 7.2518462 3.5955773 2.2817302 
gu_311_chr7_38833655_38836321 1.7404685 3.4568565 1.6103398 1.6103398 3.4476264 3.4654347 1.7744410 4.4746202 3.2471868 6.9921243 7.1883276 6.9921243 0.0666128 0.0276651 0.0110174 0.0165373 0.0054673 0.0109505 0.0000000 0.0054663 0.0054956 0.0110013 0.0054673 0.0332942 0.0332576 6.5999245 3.4983875 3.5289568 2.0630137 7.8536943 3.5109299 7.2214975 3.4324939 7.2518462 3.5543252 2.3107296 
gu_314_chr7_38846963_38849629 1.7248259 3.4391304 1.5957904 1.5957904 3.4297151 3.4475161 1.7554855 4.5001041 3.2278702 6.9012359 7.0951335 6.9012359 0.0727873 0.0332491 0.0165518 0.0220839 0.0109515 0.0164512 0.0054663 0.0000000 0.0110083 0.0165275 0.0109515 0.0389030 0.0388602 6.5128261 3.4646050 3.4949674 2.0487481 7.7730978 3.4765155 7.1228779 3.4148759 7.1553456 3.5204547 2.3107296 
gu_318_chr7_38864019_38866685 1.7404685 3.4211594 1.6103398 1.6103398 3.4314982 3.4493508 1.7744410 4.4915671 3.2471868 6.9921243 7.1883276 6.9921243 0.0604754 0.0222195 0.0055302 0.0110107 0.0000010 0.0054965 0.0054956 0.0110083 0.0000000 0.0054935 0.0000010 0.0277098 0.0276793 6.5999245 3.4983875 3.5289568 2.0630137 7.8536943 3.5109299 7.2214975 3.4404619 7.2518462 3.5543252 2.2863938 
gu_321_chr7_38877309_38879975 1.7404685 3.3933359 1.6103398 1.6103398 3.3948436 3.4125032 1.7744410 4.4914311 3.2470708 6.9921243 7.1883276 6.9921243 0.0665859 0.0277997 0.0110707 0.0165312 0.0054935 0.0110032 0.0110013 0.0165275 0.0054935 0.0000000 0.0054935 0.0332819 0.0332453 6.5999245 3.4485193 3.4785838 2.0630382 7.8536477 3.4715853 7.2214975 3.4041946 7.2518462 3.5543660 2.2545050 
gu_324_chr7_38890612_38893278 1.7404685 3.4568565 1.6103398 1.6103398 3.4476264 3.4654347 1.7744410 4.5071252 3.2471868 6.9921243 7.1883276 6.9921243 0.0604754 0.0221039 0.0055016 0.0110107 0.0000010 0.0054682 0.0054673 0.0109515 0.0000010 0.0054935 0.0000000 0.0277098 0.0276793 6.5999245 3.4983875 3.5289568 2.0630137 7.8536943 3.5109299 7.2214975 3.4324939 7.2518462 3.5543252 2.3107296 
gu_327_chr7_38903915_38906481 1.8506972 3.5570173 1.7120684 1.7120684 3.4812796 3.4989071 1.9084442 4.5557016 3.2288996 7.5740710 7.7837541 7.5740710 0.0590893 0.0278055 0.0335065 0.0277228 0.0277098 0.0221428 0.0332942 0.0389030 0.0277098 0.0332819 0.0277098 0.0000000 0.0270949 7.3042909 3.5090118 3.5398183 2.1705099 8.3149085 3.5218280 7.9366662 3.4863911 7.9510816 3.5652878 2.2202393 
gu_335_chr7_38951723_38954388 1.7763939 3.5008819 1.6448722 1.6448722 3.4139230 3.4314062 1.8175378 4.5637551 3.1443748 7.1209774 7.3150918 7.1209774 0.0651804 0.0278019 0.0334694 0.0276923 0.0276793 0.0221186 0.0332576 0.0388602 0.0276793 0.0332453 0.0276793 0.0270949 0.0000000 6.8725978 3.5687911 3.5996973 2.0980140 7.9622162 3.5826427 7.4364555 3.3972569 7.4618791 3.6247313 2.2202393 
gu_14_chr4A_20423464_20424915 1.4358364 1.3020553 1.4249203 1.4249203 0.1197866 0.1444774 1.4543067 4.3546813 2.5384885 0.1305700 0.1432615 0.1305700 6.6788310 6.4826815 6.5999245 6.5999245 6.5999245 6.5999245 6.5999245 6.5128261 6.5999245 6.5999245 6.5999245 7.3042909 6.8725978 0.0000000 5.2526064 4.8124233 1.3074078 0.2330246 5.0710790 0.1291271 0.6559448 0.1662195 4.8292158 0.0000010 
gu_143_chr5_2822696_2824453   3.1085004 3.0747159 3.2351626 3.2351626 2.1549687 2.1728465 3.9334065 3.2489201 3.1419944 5.5812731 5.5125037 5.5812731 3.4029730 3.5384626 3.4940667 3.5392677 3.4983875 3.5395204 3.4983875 3.4646050 3.4983875 3.4485193 3.4983875 3.5090118 3.5687911 5.2526064 0.0000000 0.0879009 3.5737383 4.9646322 0.1311413 5.7149008 1.4336180 5.9961183 0.1058223 1.2695246 
gu_1150_chr34_3810428_3812184 3.2397702 3.1654179 3.3542282 3.3542282 2.1596521 2.1775622 4.1772558 3.4342244 3.2652031 5.1040174 5.0424851 5.1040174 3.4332715 3.5694437 3.5248315 3.5700830 3.5289568 3.5703511 3.5289568 3.4949674 3.5289568 3.4785838 3.5289568 3.5398183 3.5996973 4.8124233 0.0879009 0.0000000 3.6723037 4.7307647 0.0639021 5.2961802 1.4696736 5.4495873 0.1300742 1.3441612 
gu_505_chr16_4013765_4016593  0.3680681 1.9728451 0.3288782 0.3288782 1.6577233 1.6566654 0.4521464 2.9686479 3.1712473 1.4459445 1.4123667 1.4459445 2.1672662 2.0713225 2.0487365 2.0994121 2.0630137 2.0812051 2.0630137 2.0487481 2.0630137 2.0630382 2.0630137 2.1705099 2.0980140 1.3074078 3.5737383 3.6723037 0.0000000 2.2265520 3.7756234 1.3163180 1.6243486 1.4234744 3.7602725 2.4628037 
gu_1286_chr35_3235407_3236858 2.2782801 2.0293704 2.2397990 2.2397990 0.6912321 0.7160538 2.5949037 4.7629458 3.1577988 0.2360574 0.2499036 0.2360574 7.2638548 7.4454579 7.8159761 7.8536943 7.8536943 7.8536943 7.8536943 7.7730978 7.8536943 7.8536477 7.8536943 8.3149085 7.9622162 0.2330246 4.9646322 4.7307647 2.2265520 0.0000000 5.0232136 0.2442777 1.2528883 0.2842832 4.5902999 5.7851685 
gu_1152_chr34_3835106_3836862 3.3069241 3.1981936 3.4262537 3.4262537 2.2531211 2.2716648 4.1525010 3.4036418 3.2160814 5.3820688 5.3184274 5.3820688 3.4138721 3.5518422 3.5066197 3.5525871 3.5109299 3.5528508 3.5109299 3.4765155 3.5109299 3.4715853 3.5109299 3.5218280 3.5826427 5.0710790 0.1311413 0.0639021 3.7756234 5.0232136 0.0000000 5.5915063 1.4982428 5.7537810 0.1619587 1.3646805 
gu_1647_chr36_7758099_7759545 1.4469570 1.2331870 1.4443624 1.4443624 0.1193822 0.1193079 1.4567868 4.1827279 2.6102995 0.1301347 0.1427832 0.1301347 7.2068215 7.0859818 7.2214975 7.2214975 7.2214975 7.2214975 7.2214975 7.1228779 7.2214975 7.2214975 7.2214975 7.9366662 7.4364555 0.1291271 5.7149008 5.2961802 1.3163180 0.2442777 5.5915063 0.0000000 0.6523075 0.0568282 4.9775973 0.0000010 
gu_1470_chr36_4803938_4805695 1.3809646 1.4284558 1.3855908 1.3855908 0.6508132 0.6626745 1.6456268 2.1489351 2.3221271 0.7057461 0.6851603 0.7057461 3.4125015 3.4478532 3.4557045 3.4087627 3.4324939 3.4011631 3.4324939 3.4148759 3.4404619 3.4041946 3.4324939 3.4863911 3.3972569 0.6559448 1.4336180 1.4696736 1.6243486 1.2528883 1.4982428 0.6523075 0.0000000 0.6962877 1.4660032 1.0682563 
gu_847_chr31_2778730_2780180  1.5017342 1.2677383 1.5606275 1.5606275 0.1324044 0.1323212 1.6422346 4.3310607 2.7851486 0.1431229 0.1565571 0.1431229 7.2358477 7.1191052 7.2518462 7.2518462 7.2518462 7.2518462 7.2518462 7.1553456 7.2518462 7.2518462 7.2518462 7.9510816 7.4618791 0.1662195 5.9961183 5.4495873 1.4234744 0.2842832 5.7537810 0.0568282 0.6962877 0.0000000 5.5864002 0.0000010 
gu_2151_chr37_6660437_6662193 3.3077244 3.0782958 3.3595254 3.3595254 2.2033679 2.2176058 4.2294848 3.3456934 3.1635819 5.2348797 5.1732724 5.2348797 3.4677156 3.5948005 3.5503962 3.5949300 3.5543252 3.5955773 3.5543252 3.5204547 3.5543252 3.5543660 3.5543252 3.5652878 3.6247313 4.8292158 0.1058223 0.1300742 3.7602725 4.5902999 0.1619587 4.9775973 1.4660032 5.5864002 0.0000000 1.3455733 
gu_513_chr16_4525946_4528126  2.3163215 2.2800433 2.2905351 2.2905351 0.9499526 0.9603179 2.7162486 2.8570286 2.4418613 0.0000010 0.0000010 0.0000010 2.1870452 2.3330953 2.3258390 2.2577728 2.3107296 2.2817302 2.3107296 2.3107296 2.2863938 2.2545050 2.3107296 2.2202393 2.2202393 0.0000010 1.2695246 1.3441612 2.4628037 5.7851685 1.3646805 0.0000010 1.0682563 0.0000010 1.3455733 0.0000000 
